00001100000100000000000001011100
00001100000100000000000001001011
00000000000011001000000000100001
00001100000100000000000001100110
00001100000100000000000001001011
00000000000011001000100000100001
10101110000011000000000000000000
00001100000100000000000001100001
00001100000100000000000001001011
00000000000011001010000000100001
00000000000101001100100000100001
00000000000100010100100000100001
00100001001010010000000000000001
00100000000010000000000000000001
00100000000101100000000000000001
00010001000010010000000000000011
01110010110010001011000000000010
00100001000010000000000000000001
00001000000100000000000000001111
00000000000000000111000000100001
00100010001011110000000000000001
00010001110011110000000000011111
00000000000000001010100000100001
00100000000011010000000000000001
00001000000100000000000000011001
00010010101000000000000000000010
00010010101011010000000000000110
00001000000100000000000000101100
00100000000010000000000000000001
00100001110010010000000000000001
00100000000011000000000000000001
00100010101101010000000000000001
00001000000100000000000000101000
00000000000011001011100000100001
00100000000010000000000000000001
00000010001011100100100000100010
00100001001010010000000000000001
00100000000011000000000000000001
00100010101101010000000000000001
00001000000100000000000000101000
00010001000010011111111111110000
01110001100010000110000000000010
00100001000010000000000000000001
00001000000100000000000000101000
00000000000011001001000000100001
00000000000000001010100000100001
01110010111100101100000000000010
00000010110110000000000000011010
00000000000000000110000000010010
10101110100011000000000000000000
00100010100101000000000000000100
00100001110011100000000000000001
00001000000100000000000000010101
00000000000100010100100000100001
00100001001010010000000000000001
00000000000000000100000000100001
00100000000101100000000000000001
00001100000100000000000001101011
00000000000100010110000000100001
00001100000100000000000001011000
00001100000100000000000001110000
00001100000100000000000001110100
00010001000010010000000000001100
10001111001011000000000000000000
00001100000100000000000001011000
00001100000100000000000001111000
00000000000010000110000000100001
00001100000100000000000001011000
00010101000100010000000000000100
00100011001110010000000000000100
00100001000010000000000000000001
10001111001011000000000000000000
00001000000100000000000000111110
00001100000100000000000001010011
00001000000100000000000001000101
00100100000000100000000000000101
00000000000000000000000000001100
00000000000000100110000000100001
00000011111000000000000000001000
00100100000000100000000000001011
00100100000001000000000000001010
00000000000000000000000000001100
00000011111000000000000000001000
00100100000000100000000000000100
00111100000000010001000000000001
00110100001001000000000010100011
00000000000000000000000000001100
00000011111000000000000000001000
00100100000000100000000000000001
00000000000011000010000000100001
00000000000000000000000000001100
00000011111000000000000000001000
00100100000000100000000000000100
00111100000000010001000000000001
00110100001001000000000000001100
00000000000000000000000000001100
00000011111000000000000000001000
00100100000000100000000000000100
00111100000000010001000000000001
00110100001001000000000000111010
00000000000000000000000000001100
00000011111000000000000000001000
00100100000000100000000000000100
00111100000000010001000000000001
00110100001001000000000000000010
00000000000000000000000000001100
00000011111000000000000000001000
00100100000000100000000000000100
00111100000000010001000000000001
00110100001001000000000010000000
00000000000000000000000000001100
00000011111000000000000000001000
00100100000000100000000000001011
00100100000001000000000000111010
00000000000000000000000000001100
00000011111000000000000000001000
00100100000000100000000000001011
00100100000001000000000000100000
00000000000000000000000000001100
00000011111000000000000000001000
00100100000000100000000000000100
00111100000000010001000000000001
00110100001001000000000010100000
00000000000000000000000000001100
00000011111000000000000000001000
