00001100000100000000000001101010
00001100000100000000000001011110
00000000000011001000100000100001
00001100000100000000000001101111
00001100000100000000000001011110
00000000000011001001000000100001
00001100000100000000000001110100
00001100000100000000000001011110
00000000000011001001100000100001
00000000000100100100100000100001
00000000000000000101000000100001
00001100000100000000000001111110
00010001010100010000000000000101
00001100000100000000000001011110
10101101001011000000000000000000
00100001001010010000000000000100
00100001010010100000000000000001
00001000000100000000000000001100
00001100000100000000000001111001
00001100000100000000000001011110
00000000000011001010000000100001
00001100000100000000000010000011
00001100000100000000000001011110
00000000000011001010100000100001
00000000000000000100000000100001
00000000000100100100100000100001
00000000000100110101000000100001
00010001000100010000000000000110
10001101001010110000000000000000
10101101010010110000000000000000
00100001001010010000000000000100
00100001010010100000000000000100
00100001000010000000000000000001
00001000000100000000000000011011
00000000000000000100000000100001
00100010001010101111111111111111
00010001000010100000000000010010
00000000000000000100100000100001
00100001000011000000000000000001
00000010001011000110100000100010
00000000000100110111000000100001
00010001001011010000000000001011
00100001110011110000000000000100
10001101110110000000000000000000
10001101111110010000000000000000
00000011000110010101100000101010
00010001011000000000000000000011
00100001110011100000000000000100
00100001001010010000000000000001
00001000000100000000000000101001
10101101110110010000000000000000
10101101111110000000000000000000
00001000000100000000000000101111
00100001000010000000000000000001
00001000000100000000000000100100
00000000000000000111100000100001
00000000000100111100000000100001
00001100000100000000000010010010
00010001111100010000000000000110
10001111000011000000000000000000
00001100000100000000000001100010
00001100000100000000000001100110
00100011000110000000000000000100
00100001111011110000000000000001
00001000000100000000000000111010
00000000000100010100000000100001
00000000000000000100100000100001
00000000000100110110000000100001
00010001001100010000000000001100
10001101100010110000000000000000
00010001011101010000000000000011
00100001100011000000000000000100
00100001001010010000000000000001
00001000000100000000000001000100
00000001000010010111000000100010
10101110100011100000000000000000
10001110100011000000000000000000
00001100000100000000000010001000
00001100000100000000000001100010
00001100000100000000000001100110
00001000000100000000000001010110
00100000000011011111111111111111
10101110100011010000000000000000
10001110100011000000000000000000
00001100000100000000000010001101
00001100000100000000000001100110
00000000000000000100000000100001
00010001000100010000000000000100
10001110011011000000000000000000
00100001000010000000000000000001
00100010011100110000000000000100
00001000000100000000000001010111
00100100000000100000000000001010
00000000000000000000000000001100
00100100000000100000000000000101
00000000000000000000000000001100
00000000000000100110000000100001
00000011111000000000000000001000
00100100000000100000000000000001
00000000000011000010000000100001
00000000000000000000000000001100
00000011111000000000000000001000
00100100000000100000000000001011
00100100000001000000000000001010
00000000000000000000000000001100
00000011111000000000000000001000
00100100000000100000000000000100
00111100000000010001000000000001
00110100001001000000000000000010
00000000000000000000000000001100
00000011111000000000000000001000
00100100000000100000000000000100
00111100000000010001000000000001
00110100001001000000000000110000
00000000000000000000000000001100
00000011111000000000000000001000
00100100000000100000000000000100
00111100000000010001000000000001
00110100001001000000000001110101
00000000000000000000000000001100
00000011111000000000000000001000
00100100000000100000000000000100
00111100000000010001000000000001
00110100001001000000000010111011
00000000000000000000000000001100
00000011111000000000000000001000
00100100000000100000000000000100
00111100000000010001000000000001
00110100001001000000000011110000
00000000000000000000000000001100
00000011111000000000000000001000
00100100000000100000000000000100
00111100000000010001000000000001
00110100001001000000000100010011
00000000000000000000000000001100
00000011111000000000000000001000
00100100000000100000000000000100
00111100000000010001000000000001
00110100001001000000000101000010
00000000000000000000000000001100
00000011111000000000000000001000
00100100000000100000000000000100
00111100000000010001000000000001
00110100001001000000000101001010
00000000000000000000000000001100
00000011111000000000000000001000
00100100000000100000000000000100
00111100000000010001000000000001
00110100001001000000000101101010
00000000000000000000000000001100
00000011111000000000000000001000
