00001100000100000000000000111011
00001100000100000000000000101111
00000000000011001000000000100001
00001100000100000000000001001111
00001100000100000000000000101111
00000000000011001010000000100001
10101110000011000000000000000000
00001100000100000000000001000000
00001100000100000000000000101111
00000000000011001000100000100001
00001100000100000000000001010100
00001100000100000000000000101111
00000000000011001010100000100001
10101110001011000000000000000000
00001100000100000000000001000101
00001100000100000000000000101111
00000000000011001001000000100001
00001100000100000000000001001010
00001100000100000000000000101111
00000000000011001001100000100001
00000000000101000101000000100001
00000000000101010111000000100001
00010001110000000000000000001000
00000001010011100000000000011010
00000000000000000101100000010010
01110001110010111100100000000010
00000001010110010110000000100010
00000000000011100110100000100001
00000000000011000111000000100001
00000000000011010101000000100001
00001000000100000000000000010110
10101110010010100000000000000000
10001110010011000000000000000000
00001100000100000000000001011001
00001100000100000000000000110111
00001100000100000000000000110011
00000000000101000111100000100001
00000000000101011100000000100001
10001110010010100000000000000000
01110001111110000100000000000010
00000001000010100000000000011010
00000000000000000100100000010010
10101110011010010000000000000000
10001110011011000000000000000000
00001100000100000000000001011110
00001100000100000000000000110111
00001100000100000000000000110011
00100100000000100000000000000101
00000000000000000000000000001100
00000000000000100110000000100001
00000011111000000000000000001000
00100100000000100000000000001011
00100100000001000000000000001010
00000000000000000000000000001100
00000011111000000000000000001000
00100100000000100000000000000001
00000000000011000010000000100001
00000000000000000000000000001100
00000011111000000000000000001000
00100100000000100000000000000100
00111100000000010001000000000001
00110100001001000000000000000010
00000000000000000000000000001100
00000011111000000000000000001000
00100100000000100000000000000100
00111100000000010001000000000001
00110100001001000000000000111111
00000000000000000000000000001100
00000011111000000000000000001000
00100100000000100000000000000100
00111100000000010001000000000001
00110100001001000000000010110001
00000000000000000000000000001100
00000011111000000000000000001000
00100100000000100000000000000100
00111100000000010001000000000001
00110100001001000000000001111101
00000000000000000000000000001100
00000011111000000000000000001000
00100100000000100000000000000100
00111100000000010001000000000001
00110100001001000000000011100101
00000000000000000000000000001100
00000011111000000000000000001000
00100100000000100000000000000100
00111100000000010001000000000001
00110100001001000000000011111110
00000000000000000000000000001100
00000011111000000000000000001000
00100100000000100000000000000100
00111100000000010001000000000001
00110100001001000000000100011000
00000000000000000000000000001100
00000011111000000000000000001000
00100100000000100000000000000100
00111100000000010001000000000001
00110100001001000000000100011111
00000000000000000000000000001100
00000011111000000000000000001000
